Enlace 4784 4785 00142 05410 0001
Enlace 4785 4786 00299 06290 0020
Enlace 4786 4787 00350 07200 0050
Inicio 4784 1526 4784 1527 0001
Inicio 4784 1528 4784 1529 0002
Inicio 4784 1530 4785 1520 0003
Inicio 4785 1521 4785 1524 0005
Inicio 4785 1528 4786 1529 0010
Inicio 4786 1530 4787 1531 0020
Fin 4784 1528 4784 1529 0020
Inicio 4784 1528 4784 1527 0029
Fin 4784 1526 4784 1527 0030
Fin 4784 1530 4785 1520 0040
Fin 4785 1521 4785 1524 0041
Fin 4785 1528 4786 1529 0050
Fin 4786 1530 4787 1531 0070
Inicio 4784 1530 4785 1520 0078